layer0: 0.28048094376031174
layer1: 0.32077135128607875
layer10: 0.41390965520906536
layer11: 0.42693989912309266
layer12: 0.4398025010300227
layer13: 0.4410222123020976
layer14: 0.45486635551583754
layer15: 0.452157720279612
layer16: 0.4529676938444984
layer17: 0.45346539959554805
layer18: 0.44779121003589023
layer19: 0.437563172745892
layer2: 0.3313165908911906
layer20: 0.4311707513529397
layer21: 0.4139541436171165
layer22: 0.4084019538590228
layer23: 0.40765031066095264
layer24: 0.40008727362587493
layer25: 0.40026988018661225
layer26: 0.40927287484369684
layer27: 0.40623465223357824
layer28: 0.4114465789997073
layer29: 0.39453997153411435
layer3: 0.34696588191816263
layer30: 0.4039844456917635
layer31: 0.3791955218650675
layer32: 0.372209817528124
layer4: 0.3674517528974853
layer5: 0.3826834851445901
layer6: 0.3796515238493794
layer7: 0.3884295587416625
layer8: 0.3862706678615432
layer9: 0.40082372535048744